575
465
226
232
89
450
62
847
994
255
806
16
303
408
896
254
876
792
45
256
709
569
931
783
146
180
437
120
912
303
299
965
489
889
732
95
431
359
226
772
645
631
257
661
557
878
83
990
329
846
161
759
996
96
950
110
435
770
67
337
621
329
785
651
464
280
867
483
871
44
594
53
348
985
650
927
602
134
185
532
93
250
13
912
441
704
390
547
913
140
217
726
941
954
857
769
799
460
953
400
92
999
780
697
674
372
692
340
987
706
177
323
575
278
861
926
691
869
587
473
538
942
330
337
616
321
286
743
105
45
955
117
958
802
399
152
635
637
161
272
986
671
512
919
836
191
798
889
240
791
652
7
206
217
772
571
942
174
748
323
299
644
178
197
165
209
929
725
998
422
921
773
563
571
287
232
213
53
78
404
711
119
955
68
692
20
474
645
357
390
616
451
854
296
219
759
146
504
813
268
841
416
188
651
593
570
664
14
191
801
691
489
384
923
854
669
831
302
814
292
286
772
9
377
296
162
167
4
222
97
821
96
363
864
39
806
321
865
539
599
522
559
189
719
976
915
678
474
953
41
759
727
226
79
77
17
949
473
53
982
10
373
649
171
947
324
177
817
84
348
457
894
601
210
758
624
665
929
959
597
568
621
249
849
93
315
555
574
934
717
551
615
71
792
783
525
465
663
942
768
272
520
786
612
88
208
546
336
371
637
910
658
300
462
840
700
807
265
549
399
415
82
928
967
817
237
600
936
839
321
574
338
546
647
135
770
776
649
238
481
285
530
162
77
72
899
587
177
137
279
586
107
98
152
241
761
662
610
727
858
852
814
727
128
306
174
19
422
717
589
878
324
647
137
740
634
543
313
181
984
789
313
901
938
975
845
794
156
428
683
646
596
206
483
230
251
400
386
782
649
594
609
951
169
771
498
298
265
787
512
343
846
750
209
989
375
322
608
830
761
993
199
554
731
834
506
102
157
100
319
767
800
340
631
701
1
330
892
599
118
232
357
455
962
875
237
392
6
948
859
489
911
203
215
462
800
456
151
811
720
307
920
729
982
13
992
710
382
878
808
247
850
844
645
451
716
731
876
749
638
691
679
1
183
17
706
562
222
391
277
790
574
25
461
509
795
917
752
722
598
630
165
667
183
560
239
953
634
687
852
83
665
165
754
144
169
914
408
822
472
615
94
199
691
72
196
953
326
974
271
719
54
493
795
340
704
973
447
661
593
253
428
353
677
754
568
935
497
546
924
852
510
72
165
936
214
48
277
77
386
347
19
246
916
340
156
279
917
267
651
989
276
674
934
239
327
867
845
589
98
643
65
6
460
235
663
903
545
553
909
490
0
309
647
985
12
544
314
767
544
405
189
953
885
766
555
195
445
425
243
714
731
161
455
737
532
910
871
516
674
646
768
63
143
369
304
582
974
749
161
331
79
555
482
309
93
14
370
737
402
616
292
762
752
693
375
207
202
302
945
466
763
567
658
842
736
643
202
721
636
906
892
980
587
783
417
939
258
905
636
987
726
889
593
729
133
115
863
141
637
321
911
736
977
701
420
225
879
475
437
450
676
545
727
683
756
983
976
492
877
524
322
470
963
200
255
109
732
495
66
936
373
142
924
864
571
795
101
375
343
307
56
755
514
308
887
103
201
64
113
269
294
395
900
158
793
512
587
88
817
241
832
13
241
15
773
448
222
419
356
894
309
809
370
386
458
723
812
573
16
383
889
362
662
567
378
759
396
540
48
999
835
510
565
429
546
324
633
920
608
688
115
736
357
240
527
934
98
236
642
336
570
429
847
41
147
961
585
267
62
746
427
19
431
856
319
730
490
899
75
549
245
225
492
380
705
79
325
151
951
487
934
16
567
759
646
392
385
955
710
753
58
592
299
121
719
139
150
55
850
572
313
708
570
377
947
249
700
893
282
530
360
842
642
360
342
184
936
204
195
230
87
407
745
32
706
276
803
672
714
501
907
988
718
387
273
678
698
378
555
461
953
131
633
164
335
213
414
200
494
109
534
857
230
836
937
261
105
899
550
629
112
718
621
665
567
956
878
572
377
331
337
143
496
651
447
850
674
749
291
673
598
965
703
639
121
607
516
711
561
551
604
696
994
777
56
303
47
174
581
371
949
374
212
505
492
753
487
103
132
957
514
778
661
500
810
704
746
38
300
300
187
890
665
976
904
267
61
346
517
456
326
475
867
890
929
190
9
640
342
463
975
368
969
179
110
195
474
341
879
246
156
927
836
872
1
141
881
657
194
